        2	2026-09-30 08:47:51	1	0	1	0
        2	2026-09-30 16:31:18	1	1	1	0
        3	2026-09-30 08:58:06	1	0	15	0
        3	2026-09-30 08:58:31	1	0	15	0
        3	2026-09-30 18:00:44	1	1	15	0
        4	2026-09-30 09:03:12	1	0	1	0
        5	2026-09-30 08:55:29	1	0	4	0
        5	2026-09-30 18:30:02	1	1	4	0
        5	2026-09-30 19:00:15	1	4	4	0
        5	2026-09-30 21:02:47	1	5	4	0
        6	2026-09-30 08:52:14	1	0	1	0
        6	2026-09-30 12:01:40	1	2	1	0
        6	2026-09-30 12:58:03	1	3	1	0
        6	2026-09-30 18:04:22	1	1	1	0
        7	2026-09-30 09:21:37	1	0	15	0
        7	2026-09-30 18:12:09	1	1	15	0
        2	2026-10-01 08:52:14	1	0	1	0
        2	2026-10-01 12:01:40	1	2	1	0
        2	2026-10-01 12:58:03	1	3	1	0
        2	2026-10-01 18:04:22	1	1	1	0
        3	2026-10-01 09:21:37	1	0	15	0
        3	2026-10-01 18:12:09	1	1	15	0
        4	2026-10-01 08:47:51	1	0	1	0
        4	2026-10-01 16:31:18	1	1	1	0
        5	2026-10-01 08:58:06	1	0	4	0
        5	2026-10-01 08:58:31	1	0	4	0
        5	2026-10-01 18:00:44	1	1	4	0
        6	2026-10-01 09:03:12	1	0	1	0
        7	2026-10-01 08:55:29	1	0	15	0
        7	2026-10-01 18:30:02	1	1	15	0
        7	2026-10-01 19:00:15	1	4	15	0
        7	2026-10-01 21:02:47	1	5	15	0
     9999	2026-10-01 08:59:58	1	0	1	0
        2	2026-13-45 25:61:00	1	0	1	0
        2		1	1	1	0
        2	2026-09-30 08:47:51	1	0	1	0
